1 2.2903e-05
2 1.7903e-05
3 1.3226e-05
4 1.5443e-05
5 1.5375e-05
6 1.4975e-05
7 1.5041e-05
8 1.4538e-05
9 1.501e-05
10 1.8354e-05
20 2.0468e-05
30 1.4585e-05
40 1.8571e-05
50 1.6806e-05
60 3.0845e-05
70 1.7048e-05
80 2.051e-05
90 1.5197e-05
100 1.4136e-05
200 1.7251e-05
300 1.5871e-05
400 1.6538e-05
500 1.7406e-05
600 1.9091e-05
700 1.6592e-05
800 1.9796e-05
900 1.8653e-05
1000 2.3812e-05
2000 2.1675e-05
3000 2.6531e-05
4000 3.5138e-05
5000 3.1974e-05
6000 3.5056e-05
7000 3.7167e-05
8000 4.2899e-05
9000 4.6023e-05
10000 5.4558e-05
20000 8.4073e-05
30000 0.00011352
40000 0.000138073
50000 0.000174596
60000 0.000199263
70000 0.000248282
80000 0.000272163
90000 0.000313017
100000 0.000332898
200000 0.000677491
300000 0.00100109
400000 0.00131655
500000 0.00166107
600000 0.00196374
700000 0.00229042
800000 0.00260411
900000 0.002956
1000000 0.00325376
2000000 0.00647473
3000000 0.00973403
4000000 0.0129537
5000000 0.0161819
6000000 0.0194166
7000000 0.022644
8000000 0.0258477
9000000 0.0290931
10000000 0.0323308
20000000 0.0646324
30000000 0.0968881
40000000 0.129137
50000000 0.161397
60000000 0.193744
70000000 0.225978
80000000 0.258222
90000000 0.290554
100000000 0.322767
