1 2.0091e-05
2 2.1828e-05
3 2.1074e-05
4 1.6509e-05
5 2.3026e-05
6 1.7119e-05
7 1.8811e-05
8 2.4611e-05
9 1.6924e-05
10 2.2142e-05
20 2.34e-05
30 2.9257e-05
40 3.2831e-05
50 4.3471e-05
60 4.2005e-05
70 4.6555e-05
80 5.6922e-05
90 5.3962e-05
100 5.9672e-05
200 0.00011169
300 0.000163642
400 0.000222202
500 0.000255028
600 0.000310222
700 0.000354834
800 0.000389401
900 0.000448325
1000 0.000504693
2000 0.000949612
3000 0.00144902
4000 0.00187781
5000 0.00238608
6000 0.00283558
7000 0.00328859
8000 0.00376973
9000 0.00421896
10000 0.00470276
20000 0.00936629
30000 0.01403
40000 0.0186099
50000 0.0231188
60000 0.0276175
70000 0.0317332
80000 0.0366358
90000 0.04118
100000 0.0457128
200000 0.0907487
300000 0.135855
400000 0.18057
500000 0.22608
600000 0.271038
700000 0.316132
800000 0.36134
900000 0.406088
1000000 0.451058
2000000 0.901779
3000000 1.35302
4000000 1.80455
5000000 2.25449
6000000 2.70646
7000000 3.15713
8000000 3.60779
9000000 4.05804
10000000 4.50977
20000000 9.01698
30000000 13.5269
40000000 18.0333
50000000 22.5437
60000000 27.0515
70000000 31.5591
80000000 36.0677
90000000 40.5805
100000000 45.0851
