1 1.5039e-05
2 1.7206e-05
3 1.3061e-05
4 1.5974e-05
5 1.2911e-05
6 1.5268e-05
7 1.3747e-05
8 1.3603e-05
9 1.6444e-05
10 1.4951e-05
20 2.0524e-05
30 1.6454e-05
40 2.2129e-05
50 1.6221e-05
60 1.9496e-05
70 2.7147e-05
80 1.608e-05
90 1.5518e-05
100 2.4669e-05
200 1.89e-05
300 3.538e-05
400 3.0323e-05
500 2.586e-05
600 2.873e-05
700 4.6422e-05
800 3.6746e-05
900 3.5629e-05
1000 4.4093e-05
2000 7.1206e-05
3000 9.448e-05
4000 0.000122005
5000 0.000140466
6000 0.00015383
7000 0.000181254
8000 0.000203766
9000 0.000220941
10000 0.000262765
20000 0.000514091
30000 0.00074463
40000 0.000983854
50000 0.00123917
60000 0.00148584
70000 0.00170823
80000 0.00195331
90000 0.00217936
100000 0.00242072
200000 0.00486128
300000 0.00724855
400000 0.00967283
500000 0.012087
600000 0.0145049
700000 0.0169102
800000 0.0193303
900000 0.021724
1000000 0.0241391
2000000 0.0482321
3000000 0.0723412
4000000 0.0979237
5000000 0.120554
6000000 0.144655
7000000 0.168773
8000000 0.192855
9000000 0.216967
10000000 0.241072
20000000 0.482129
30000000 0.723103
40000000 0.964123
50000000 1.20519
60000000 1.44619
70000000 1.68713
