1 2.3064e-05
2 2.9578e-05
3 3.3117e-05
4 4.0514e-05
5 4.186e-05
6 4.4199e-05
7 4.9221e-05
8 5.4197e-05
9 6.5196e-05
10 7.5886e-05
20 0.000123264
30 0.000187452
40 0.000212939
50 0.000282139
60 0.000312322
70 0.000380743
80 0.000430455
90 0.000461907
100 0.000538962
200 0.00105362
300 0.00158817
400 0.00210382
500 0.00262076
600 0.0031154
700 0.00362518
800 0.00414959
900 0.00468349
1000 0.00518808
2000 0.0103536
3000 0.0155146
4000 0.0202025
5000 0.0255028
6000 0.0301038
7000 0.0355049
8000 0.0405022
9000 0.0456384
10000 0.0505201
20000 0.100328
30000 0.150178
40000 0.199608
50000 0.249905
60000 0.299459
70000 0.349588
80000 0.399444
90000 0.44946
100000 0.499085
200000 0.99785
300000 1.49697
400000 1.99496
500000 2.49332
600000 2.99272
700000 3.49183
800000 3.98928
900000 4.4881
1000000 4.98679
2000000 9.97567
3000000 14.9624
4000000 19.9486
5000000 24.9338
6000000 29.9232
7000000 34.9129
8000000 39.8979
9000000 44.8859
10000000 49.8753
20000000 99.7491
30000000 149.631
40000000 199.505
50000000 249.385
60000000 299.784
70000000 349.195
80000000 399.145
90000000 449.043
100000000 498.919
